Accuracy: 0.5089285714285714
Precision: 0.5048076923076923
Recall: 0.9375